0 481.372434 2.041820
1 2155.045838 2.818732
2 397.047179 1.825795
3 1682.747124 2.900249
4 2398.196058 2.760835
5 2248.603403 2.797049
6 1137.736378 2.853501
7 696.094883 2.496220
8 1854.020448 2.878098
9 2284.820806 2.788415
10 1499.357838 2.909174
11 1865.764059 2.876202
12 1095.599675 2.837707
13 1156.405227 2.859725
14 533.505716 2.166389
15 2685.238651 2.690829
16 1137.529654 2.853430
17 2451.095040 2.747811
18 880.074989 2.710518
19 573.429783 2.255843
20 1303.688291 2.894367
21 1037.853768 2.811781
22 1479.230584 2.908966
23 1282.799440 2.890865
24 1552.169044 2.908507
25 1196.663684 2.871637
26 1237.639422 2.881789
27 1026.834885 2.806226
28 2700.233182 2.687291
29 1341.479976 2.899660
30 2290.258097 2.787109
31 1196.044586 2.871469
32 1894.556877 2.871376
33 1466.775001 2.908702
34 694.310680 2.493100
35 1894.544136 2.871378
36 2432.147369 2.752481
37 2471.663100 2.742740
38 2639.607553 2.701709
39 507.654090 2.105650
40 2591.299504 2.713389
41 2294.224530 2.786156
42 2916.592592 2.639245
43 1366.768724 2.902493
44 1532.939740 2.908946
45 2671.434680 2.694102
46 2632.919051 2.703318
47 2935.782545 2.635324
48 635.353622 2.383786
49 1422.735670 2.906898
50 2887.294713 2.645355
51 2181.153138 2.812786
52 2656.919327 2.697562
53 1756.510056 2.892073
54 1930.012188 2.865111
55 1122.611784 2.848118
56 2806.002241 2.663016
57 1354.953165 2.901237
58 2946.104511 2.633242
59 798.023183 2.636144
60 2287.368385 2.787803
61 578.034212 2.265815
62 1617.737298 2.905447
63 1746.769768 2.893280
64 1491.919530 2.909128
65 984.696475 2.783035
66 1869.074600 2.875659
67 784.200691 2.621885
68 2125.670379 2.825310
69 1574.186833 2.907742
70 1414.398402 2.906397
71 1473.357851 2.908855
72 1807.617192 2.885160
73 2882.146797 2.646443
74 2665.779839 2.695448
75 2900.134762 2.642659
76 1654.770476 2.902732
77 2910.514312 2.640501
78 1681.490930 2.900368
79 1678.943548 2.900607
80 1912.910586 2.868176
81 1748.899987 2.893019
82 2775.838764 2.669806
83 1177.629295 2.866255
84 2774.234326 2.670170
85 1087.358324 2.834321
86 1310.590815 2.895432
87 1691.875566 2.899362
88 2100.465988 2.830850
89 925.649833 2.744917
90 1643.027858 2.903666
91 1763.086539 2.891237
92 436.121231 1.927692
93 503.419007 2.095499
94 823.807747 2.661360
95 2157.249277 2.818234
96 684.725105 2.476154
97 451.046081 1.965866
98 2965.728611 2.629340
99 685.093570 2.476811
100 1740.356039 2.894054
101 1113.103048 2.844571
102 1845.844715 2.879393
103 532.611326 2.164325
104 2153.689768 2.819039
105 1404.148055 2.905708
106 2851.683200 2.652970
107 1371.372077 2.902950
108 2581.702303 2.715725
109 583.320655 2.277174
110 1288.432284 2.891851
111 1909.849640 2.868716
112 2217.942264 2.804263
113 1685.692891 2.899967
114 2707.490484 2.685587
115 1336.031777 2.898976
116 464.080487 1.998792
117 2861.802791 2.650786
118 719.434915 2.536017
119 905.342399 2.730155
120 1726.737918 2.895643
121 2587.666132 2.714273
122 2267.656031 2.792521
123 1400.650133 2.905455
124 512.731602 2.117749
125 1680.177948 2.900492
126 2636.993024 2.702338
127 1829.867246 2.881862
128 2606.103017 2.709795
129 1036.597734 2.811158
130 962.447670 2.769478
131 2892.376626 2.644285
132 2579.900944 2.716164
133 1517.634448 2.909137
134 1213.557755 2.876055
135 2137.021172 2.822783
136 1213.144945 2.875951
137 757.596188 2.592924
138 922.348580 2.742577
139 987.810934 2.784859
140 2567.086863 2.719291
141 1718.511654 2.896567
142 552.490705 2.209588
143 828.719975 2.665966
144 2947.344466 2.632994
145 756.617860 2.591820
146 2173.424021 2.814555
147 1611.569809 2.905833
148 1627.504986 2.904797
149 502.051369 2.092210
150 2335.742948 2.776110
151 2841.248468 2.655238
152 544.133704 2.190717
153 1385.236215 2.904222
154 1455.259928 2.908364
155 2586.793486 2.714485
156 1092.663699 2.836512
157 2858.178248 2.651566
158 917.297814 2.738953
159 2126.781554 2.825064
160 2279.119635 2.789781
161 1340.615840 2.899553
162 1067.610413 2.825790
163 1308.914572 2.895177
164 572.598973 2.254036
165 646.266585 2.404940
166 1784.604537 2.888390
167 2540.076542 2.725904
168 483.511518 2.047088
169 2546.354105 2.724365
170 1728.644211 2.895425
171 2689.242750 2.689882
172 2101.528152 2.830618
173 2606.290227 2.709749
174 439.541574 1.936482
175 2124.277905 2.825619
176 1365.774419 2.902392
177 1871.015264 2.875340
178 622.185044 2.357702
179 2613.682844 2.707959
180 1963.233680 2.858940
181 1259.592840 2.886466
182 1595.180115 2.906761
183 891.141425 2.719296
184 2000.015784 2.851797
185 2453.240390 2.747282
186 2855.142310 2.652222
187 795.118174 2.633191
188 609.318720 2.331628
189 2359.264119 2.770376
190 2424.794198 2.754292
191 936.576715 2.752498
192 2456.366947 2.746511
193 524.159767 2.144693
194 2101.702881 2.830580
195 2939.001503 2.634673
196 853.751574 2.688486
197 2878.507826 2.647215
198 1462.224523 2.908579
199 1139.029061 2.853947
200 1152.746174 2.858541
201 723.903341 2.543425
202 1489.079465 2.909101
203 881.982796 2.712051
204 2520.074080 2.730817
205 1631.480428 2.904518
206 1153.572314 2.858810
207 1562.648953 2.908177
208 1135.830117 2.852840
209 1448.096630 2.908106
210 2943.501390 2.633766
211 1548.812214 2.908599
212 1761.256728 2.891471
213 726.535958 2.547757
214 1985.884474 2.854578
215 2041.597152 2.843363
216 2364.805157 2.769022
217 1643.416113 2.903636
218 693.182838 2.491123
219 1702.079839 2.898327
220 1651.941518 2.902963
221 773.391235 2.610363
222 498.003121 2.082441
223 2531.099494 2.728108
224 1759.708366 2.891669
225 696.904169 2.497631
226 966.740586 2.772168
227 1521.273703 2.909104
228 2255.536128 2.795405
229 1836.987600 2.880772
230 1209.811749 2.875104
231 2851.352977 2.653041
232 1253.956628 2.885314
233 1290.740416 2.892246
234 984.099354 2.782684
235 2329.970134 2.777513
236 436.020997 1.927434
237 2341.607364 2.774683
238 856.743683 2.691074
239 2863.192375 2.650487
240 2709.169088 2.685194
241 1976.046045 2.856488
242 2718.784110 2.682945
243 571.939380 2.252600
244 1743.736423 2.893648
245 2641.088451 2.701354
246 529.628922 2.157424
247 2095.240536 2.831985
248 994.347609 2.788628
249 881.143216 2.711377
250 2762.238723 2.672904
251 405.085436 1.846950
252 985.612377 2.783573
253 655.802317 2.423081
254 1422.850044 2.906905
255 2299.594159 2.784863
256 2050.334553 2.841547
257 936.286178 2.752300
258 445.654773 1.952132
259 769.194950 2.605800
260 1690.544876 2.899493
261 1950.939219 2.861256
262 1688.508217 2.899693
263 829.107963 2.666327
264 2454.277402 2.747026
265 775.489595 2.612625
266 2220.406628 2.803687
267 2732.403675 2.679776
268 812.668966 2.650684
269 1749.651227 2.892926
270 2563.480468 2.720172
271 799.985918 2.638126
272 2399.282118 2.760568
273 1597.563504 2.906635
274 1262.183993 2.886984
275 691.380632 2.487954
276 818.330501 2.656151
277 1960.382204 2.859481
278 1730.967095 2.895158
279 2173.301442 2.814583
280 2350.914432 2.772415
281 1136.987113 2.853242
282 1635.990797 2.904193
283 756.934737 2.592178
284 1248.771378 2.884225
285 826.116811 2.663533
286 2860.752988 2.651012
287 976.431228 2.778109
288 2990.230300 2.624572
289 906.296746 2.730869
290 2164.174670 2.816663
291 1640.549344 2.903854
292 1243.485800 2.883085
293 380.879861 1.783028
294 734.257735 2.560330
295 2260.504954 2.794224
296 2104.777071 2.829909
297 1675.102488 2.900963
298 1752.231641 2.892607
299 1579.780861 2.907504
300 1951.793244 2.861096
301 441.380378 1.941198
302 994.676446 2.788815
303 1681.297654 2.900386
304 1143.539962 2.855485
305 1002.756986 2.793362
306 765.987137 2.602278
307 807.407816 2.645527
308 2041.391640 2.843406
309 871.268136 2.703330
310 1051.568835 2.818415
311 626.786010 2.366885
312 399.108497 1.831228
313 2699.045465 2.687571
314 666.489712 2.443033
315 1286.561694 2.891527
316 2291.393292 2.786837
317 2815.401229 2.660925
318 1982.842508 2.855171
319 2362.495459 2.769587
320 2782.996564 2.668184
321 1348.035888 2.900447
322 1651.300274 2.903015
323 2901.515427 2.642371
324 1202.797024 2.873279
325 1013.836521 2.799407
326 1407.274306 2.905927
327 1860.287069 2.877091
328 1452.762958 2.908278
329 1372.524211 2.903062
330 516.053902 2.125623
331 1521.012384 2.909107
332 1054.797749 2.819932
333 1696.071628 2.898942
334 1667.760645 2.901624
335 899.034588 2.725387
336 2815.280832 2.660952
337 2970.900568 2.628324
338 1872.754030 2.875053
339 1553.397529 2.908472
340 1529.145482 2.909007
341 832.831755 2.669774
342 518.795521 2.132096
343 1981.577932 2.855417
344 1946.889117 2.862011
345 1921.655581 2.866618
346 1383.384460 2.904061
347 2612.337831 2.708285
348 1651.003868 2.903039
349 2382.439675 2.764703
350 1116.196841 2.845739
351 2369.947901 2.767764
352 924.632903 2.744199
353 631.184826 2.375595
354 1465.093981 2.908658
355 1103.976292 2.841047
356 2312.455515 2.781758
357 412.297769 1.865855
358 437.733048 1.931837
359 1205.847941 2.874080
360 2956.632569 2.631140
361 1293.139598 2.892651
362 1511.414365 2.909173
363 1906.319747 2.869336
364 614.607585 2.342416
365 852.080746 2.687031
366 989.591788 2.785893
367 1582.500641 2.907382
368 841.478524 2.677641
369 530.154296 2.158642
370 2908.598269 2.640898
371 2100.602176 2.830820
372 1491.591866 2.909125
373 2897.752726 2.643157
374 400.529913 1.834971
375 608.832774 2.330632
376 1686.967546 2.899843
377 1731.908527 2.895049
378 788.724181 2.626610
379 696.240847 2.496474
380 1310.726284 2.895452
381 1755.478198 2.892202
382 2252.573368 2.796108
383 2308.640650 2.782680
384 1389.095335 2.904549
385 876.557753 2.707669
386 1709.657343 2.897530
387 1000.145685 2.791905
388 391.836725 1.812041
389 2881.622220 2.646554
390 1186.979155 2.868953
391 1641.451657 2.903786
392 2895.076518 2.643718
393 659.880537 2.430742
394 696.627397 2.497148
395 2242.574123 2.798475
396 2923.040484 2.637920
397 1854.053283 2.878093
398 1711.549364 2.897327
399 688.088103 2.482136
400 674.473115 2.457676
401 1109.390083 2.843152
402 2218.798308 2.804063
403 2849.615689 2.653418
404 499.291396 2.085555
405 2260.859831 2.794139
406 1297.229582 2.893329
407 2417.206147 2.756160
408 1163.668882 2.862023
409 1008.429700 2.796484
410 595.378490 2.302722
411 2161.270505 2.817323
412 996.649727 2.789936
413 2121.388800 2.826258
414 1345.947678 2.900200
415 822.499759 2.660124
416 1405.558154 2.905808
417 2537.641463 2.726502
418 2966.621900 2.629164
419 2969.956412 2.628509
420 2943.532205 2.633759
421 693.276902 2.491288
422 404.721595 1.845994
423 2867.550453 2.649552
424 1130.694541 2.851034
425 472.434087 2.019675
426 1254.839271 2.885497
427 966.388285 2.771948
428 1656.907978 2.902555
429 2082.489665 2.834737
430 1717.329687 2.896697
431 686.334767 2.479022
432 2278.023514 2.790043
433 2243.596793 2.798233
434 867.734248 2.700394
435 1115.756811 2.845574
436 2735.190386 2.679130
437 1171.887059 2.864544
438 2841.909928 2.655094
439 2639.799496 2.701663
440 593.322915 2.298403
441 948.210608 2.760300
442 2785.875576 2.667534
443 2310.125000 2.782322
444 2358.666771 2.770522
445 1764.242297 2.891089
446 776.118887 2.613301
447 1457.042767 2.908422
448 2655.430102 2.697918
449 1813.403419 2.884318
450 1681.539074 2.900363
451 1926.626340 2.865724
452 1150.732561 2.857882
453 1508.096866 2.909182
454 2546.120456 2.724422
455 1862.876805 2.876672
456 2672.760856 2.693787
457 2864.465721 2.650214
458 563.090723 2.233189
459 1887.584780 2.872567
460 1707.748342 2.897733
461 2075.531307 2.836226
462 1754.091484 2.892376
463 1087.500548 2.834380
464 2568.512850 2.718943
465 928.415562 2.746859
466 617.823963 2.348929
467 812.873637 2.650883
468 1408.141040 2.905986
469 859.243426 2.693219
470 1910.444666 2.868611
471 1152.656079 2.858511
472 2016.882034 2.848420
473 845.314396 2.681070
474 886.683023 2.715793
475 2963.723027 2.629735
476 828.449686 2.665714
477 1643.157278 2.903656
478 1811.100945 2.884655
479 1147.139603 2.856693
480 599.282545 2.310886
481 1708.436840 2.897660
482 2954.648620 2.631534
483 1224.064889 2.878636
484 1823.249240 2.882860
485 1919.480215 2.867008
486 570.115975 2.248622
487 1005.936549 2.795119
488 796.247698 2.634342
489 838.372142 2.674836
490 1669.333959 2.901484
491 615.090712 2.343397
492 1258.876031 2.886321
493 1554.654411 2.908434
494 1853.561050 2.878172
495 1635.841879 2.904204
496 1644.183326 2.903577
497 2234.317800 2.800422
498 2291.591972 2.786789
499 1027.725817 2.806682
500 2696.510761 2.688168
501 2228.420581 2.801809
502 2682.806582 2.691404
503 450.491373 1.964456
504 658.823563 2.428762
505 2666.214619 2.695345
506 416.771597 1.877543
507 501.658604 2.091264
508 2241.398535 2.798752
509 720.106852 2.537135
510 2300.508752 2.784642
511 1690.962235 2.899452
512 406.012023 1.849383
513 1105.031885 2.841461
514 2420.369029 2.755382
515 1795.431455 2.886894
516 2970.717032 2.628360
517 2280.747555 2.789391
518 1887.672174 2.872552
519 2259.471016 2.794470
520 632.315999 2.377824
521 2662.351926 2.696265
522 2923.587231 2.637808
523 965.694779 2.771516
524 2920.597070 2.638421
525 1231.385263 2.880362
526 568.119795 2.244254
527 1709.075968 2.897592
528 752.367683 2.586991
529 1024.025872 2.804777
530 1547.309140 2.908639
531 2200.930023 2.808224
532 633.500432 2.380153
533 1918.919132 2.867108
534 2840.308725 2.655443
535 632.872629 2.378919
536 2534.826457 2.727193
537 938.345392 2.753702
538 2227.613926 2.801998
539 1898.533923 2.870691
540 1978.633061 2.855988
541 1186.016325 2.868680
542 423.189647 1.894252
543 2424.150761 2.754450
544 1576.357268 2.907652
545 803.728964 2.641877
546 815.717119 2.653638
547 2833.451328 2.656944
548 2469.616035 2.743244
549 2276.622568 2.790379
550 2377.362137 2.765948
551 2669.474405 2.694569
552 2225.903538 2.802399
553 2600.653951 2.711116
554 1266.832607 2.887897
555 2187.523235 2.811322
556 1503.645651 2.909184
557 2905.498196 2.641541
558 1996.424916 2.852508
559 940.223515 2.754973
560 788.255119 2.626122
561 636.719837 2.386458
562 808.461555 2.646566
563 878.101846 2.708923
564 2418.819288 2.755763
565 1774.696494 2.889723
566 582.161395 2.274692
567 1682.832236 2.900241
568 2881.749500 2.646527
569 1571.887195 2.907834
570 456.416264 1.979480
571 1226.137281 2.879131
572 1847.288428 2.879166
573 849.263878 2.684563
574 2085.549310 2.834079
575 377.375232 1.773727
576 2105.894159 2.829665
577 1455.197798 2.908361
578 2600.299205 2.711202
579 2999.856859 2.622731
580 2327.365551 2.778146
581 2032.325668 2.845275
582 531.095517 2.160821
583 2326.312285 2.778401
584 1867.024481 2.875996
585 2061.487050 2.839206
586 1599.934284 2.906507
587 1542.343882 2.908759
588 2115.886537 2.827473
589 2989.071256 2.624795
590 882.918919 2.712800
591 2138.603820 2.822430
592 1215.730479 2.876599
593 1882.567995 2.873415
594 2127.288520 2.824951
595 1169.825398 2.863919
596 1297.408119 2.893358
597 2486.643924 2.739047
598 1870.934728 2.875353
599 2684.850530 2.690920
600 2394.574541 2.761725
601 428.408816 1.907786
602 2101.426388 2.830641
603 2402.737236 2.759719
604 1972.413897 2.857187
605 1625.411241 2.904940
606 1196.667534 2.871638
607 2036.858055 2.844343
608 1542.896508 2.908746
609 2614.253912 2.707821
610 1277.385587 2.889887
611 774.314686 2.611360
612 2069.096563 2.837596
613 567.943063 2.243866
614 1814.694211 2.884129
615 900.330048 2.726373
616 2690.828136 2.689508
617 513.698596 2.120044
618 914.844693 2.737173
619 2343.807406 2.774148
620 1156.339246 2.859703
621 2526.794219 2.729165
622 2779.285299 2.669024
623 1799.664212 2.886297
624 1452.244608 2.908260
625 1465.520231 2.908670
626 2542.531800 2.725302
627 1091.102703 2.835872
628 2947.590358 2.632944
629 810.150904 2.648225
630 446.819709 1.955105
631 2666.179938 2.695353
632 2433.544115 2.752137
633 2214.979994 2.804955
634 975.768353 2.777708
635 2200.620372 2.808296
636 1849.833105 2.878764
637 2517.939476 2.731342
638 2126.042405 2.825228
639 2358.733091 2.770506
640 1628.496227 2.904728
641 2134.810898 2.823277
642 2665.211756 2.695584
643 1371.463053 2.902959
644 2653.364438 2.698412
645 1881.746044 2.873553
646 2379.527558 2.765417
647 2142.834065 2.821482
648 2393.155181 2.762073
649 1334.698545 2.898805
650 1914.331029 2.867924
651 2409.940454 2.757948
652 684.272582 2.475346
653 2161.537146 2.817262
654 1554.143501 2.908450
655 1462.799620 2.908596
656 840.820901 2.677049
657 725.785355 2.546524
658 2428.418670 2.753399
659 1806.524979 2.885317
660 479.990281 2.038410
661 1522.636574 2.909090
662 2009.008362 2.850004
663 2422.503675 2.754856
664 1103.511845 2.840865
665 2804.161213 2.663427
666 1503.422356 2.909184
667 2940.213915 2.634428
668 1474.387722 2.908876
669 2832.137525 2.657232
670 1498.926639 2.909172
671 2156.867622 2.818320
672 811.937074 2.649971
673 2101.692350 2.830583
674 1756.622056 2.892059
675 2010.861956 2.849632
676 481.980536 2.043319
677 851.738742 2.686733
678 1772.366418 2.890031
679 1010.541355 2.797632
680 2093.703535 2.832318
681 1326.110517 2.897664
682 1225.953414 2.879087
683 1435.455985 2.907563
684 1458.709603 2.908475
685 2553.050871 2.722724
686 2659.290964 2.696996
687 2616.608910 2.707252
688 1046.414342 2.815958
689 524.020728 2.144367
690 2403.726654 2.759476
691 1134.593599 2.852408
692 628.144368 2.369582
693 694.258173 2.493008
694 2911.118287 2.640376
695 1399.015635 2.905333
696 1262.444422 2.887036
697 2591.755867 2.713278
698 2891.029912 2.644568
699 2646.309896 2.700101
700 2972.036229 2.628101
701 1730.314900 2.895233
702 2383.923549 2.764339
703 1208.595690 2.874792
704 440.630326 1.939275
705 1084.013465 2.832918
706 782.304317 2.619888
707 2897.132604 2.643287
708 2705.999655 2.685937
709 1401.096085 2.905488
710 2966.230755 2.629241
711 2201.472400 2.808098
712 799.660415 2.637798
713 2953.450218 2.631773
714 1191.492568 2.870218
715 1545.378624 2.908687
716 676.881798 2.462050
717 434.978805 1.924751
718 1077.146214 2.829984
719 804.043559 2.642191
720 819.672177 2.657434
721 1732.714600 2.894955
722 2005.900121 2.850626
723 1687.781804 2.899764
724 1371.300265 2.902943
725 576.995480 2.263572
726 1908.520933 2.868950
727 2173.292915 2.814585
728 473.547538 2.022445
729 2534.222997 2.727341
730 2946.067290 2.633250
731 1810.154371 2.884792
732 2328.665985 2.777830
733 1450.037623 2.908180
734 2954.651979 2.631534
735 787.701010 2.625546
736 2014.081062 2.848985
737 2050.149710 2.841585
738 453.587600 1.972317
739 1778.083019 2.889271
740 1129.368061 2.850561
741 1722.853873 2.896083
742 2088.028631 2.833545
743 1640.901580 2.903827
744 1859.499418 2.877219
745 2505.148513 2.734489
746 2726.362096 2.681179
747 1759.726471 2.891666
748 2991.421738 2.624343
749 842.071264 2.678173
750 1642.009034 2.903743
751 378.033866 1.775475
752 980.904982 2.780791
753 2866.352466 2.649809
754 1908.786846 2.868903
755 697.631994 2.498898
756 1489.495964 2.909105
757 490.591410 2.064434
758 552.162374 2.208851
759 2025.005888 2.846771
760 2547.592939 2.724061
761 2093.975369 2.832260
762 2775.170741 2.669957
763 706.652940 2.514453
764 1667.177727 2.901675
765 2241.385513 2.798755
766 1004.223058 2.794174
767 789.105364 2.627005
768 1176.569558 2.865942
769 2352.728655 2.771972
770 428.589818 1.908255
771 469.906360 2.013375
772 1521.699749 2.909100
773 380.575779 1.782221
774 2987.411307 2.625114
775 973.266827 2.776188
776 768.749796 2.605313
777 2431.036951 2.752754
778 755.185650 2.590198
779 428.714663 1.908578
780 1802.592626 2.885881
781 2129.204913 2.824526
782 1536.395395 2.908883
783 2880.388182 2.646816
784 1047.976001 2.816707
785 2561.628379 2.720625
786 1814.009920 2.884230
787 2903.909708 2.641872
788 2205.243161 2.807223
789 1170.643333 2.864168
790 1328.318841 2.897964
791 888.324203 2.717088
792 478.449768 2.034603
793 2803.108657 2.663663
794 2295.374604 2.785879
795 1029.688186 2.807684
796 2137.273978 2.822727
797 556.157247 2.217794
798 1766.615091 2.890782
799 2992.155371 2.624202
800 1892.544708 2.871721
801 2545.993895 2.724453
802 1886.251072 2.872793
803 1078.773240 2.830685
804 562.490980 2.231863
805 1411.584424 2.906216
806 480.168164 2.038849
807 1083.502190 2.832702
808 568.793699 2.245730
809 836.984514 2.673576
810 730.258176 2.553843
811 863.275718 2.696648
812 2889.961250 2.644793
813 1453.080569 2.908289
814 378.190974 1.775892
815 1552.322025 2.908503
816 1296.362754 2.893187
817 1923.205415 2.866340
818 1060.107229 2.822391
819 1275.531011 2.889546
820 1736.416933 2.894521
821 478.840013 2.035568
822 962.477938 2.769497
823 629.643477 2.372551
824 560.926485 2.228401
825 1987.576489 2.854247
826 2021.770029 2.847430
827 1540.999647 2.908789
828 2259.261871 2.794519
829 2799.095568 2.664561
830 2645.386515 2.700323
831 2452.657027 2.747426
832 1936.569200 2.863915
833 2314.708664 2.781213
834 1959.712990 2.859607
835 2039.643352 2.843768
836 2708.083953 2.685448
837 2487.375166 2.738867
838 2834.554103 2.656702
839 1858.101817 2.877444
840 1310.215369 2.895375
841 592.230134 2.296100
842 2040.091305 2.843675
843 2040.041816 2.843685
844 2554.869188 2.722279
845 513.352578 2.119223
846 2655.471033 2.697908
847 1062.982190 2.823704
848 2813.644230 2.661315
849 1338.859087 2.899334
850 687.923203 2.481843
851 711.756123 2.523129
852 910.082786 2.733680
853 2616.027588 2.707392
854 568.833892 2.245818
855 820.374409 2.658104
856 1639.691869 2.903919
857 2641.027428 2.701368
858 1177.001962 2.866070
859 1151.921116 2.858272
860 2905.688554 2.641502
861 1484.071355 2.909040
862 2281.141010 2.789297
863 504.856466 2.098950
864 1264.998375 2.887540
865 1075.270492 2.829170
866 1911.247894 2.868470
867 2168.401605 2.815701
868 376.736263 1.772030
869 1199.415936 2.872380
870 1116.927153 2.846013
871 2552.886318 2.722764
872 1183.540518 2.867973
873 1296.585546 2.893223
874 829.341142 2.666544
875 1794.710442 2.886995
876 760.946480 2.596683
877 2216.974215 2.804490
878 770.962309 2.607728
879 1351.582728 2.900857
880 1061.520226 2.823038
881 412.174518 1.865533
882 1703.824584 2.898146
883 900.788110 2.726721
884 2225.040774 2.802602
885 1263.010982 2.887148
886 385.265809 1.794655
887 2159.690825 2.817681
888 414.603777 1.871884
889 766.771369 2.603142
890 955.251362 2.764889
891 2632.754013 2.703357
892 1783.902096 2.888486
893 659.510254 2.430049
894 2273.041678 2.791235
895 2755.451869 2.674458
896 976.438535 2.778113
897 1488.499714 2.909095
898 693.163614 2.491089
899 1520.027925 2.909116
900 2892.412659 2.644277
901 2818.236859 2.660297
902 1120.469674 2.847330
903 2867.283255 2.649609
904 2885.174150 2.645803
905 1119.255887 2.846880
906 1864.422380 2.876420
907 2238.520837 2.799431
908 888.433347 2.717173
909 1362.577337 2.902061
910 2418.927444 2.755736
911 565.952831 2.239496
912 1374.670244 2.903267
913 1819.899927 2.883360
914 871.923817 2.703871
915 1304.710641 2.894527
916 2333.914289 2.776555
917 1596.765758 2.906678
918 1714.194016 2.897040
919 1083.163318 2.832558
920 2348.921657 2.772901
921 1791.793521 2.887401
922 610.912818 2.334890
923 2985.999644 2.625387
924 2691.192806 2.689422
925 2639.085574 2.701835
926 2324.285742 2.778893
927 1973.554916 2.856967
928 670.849941 2.451058
929 2302.692950 2.784116
930 2283.977945 2.788617
931 1314.759531 2.896053
932 1542.817166 2.908748
933 1963.478481 2.858894
934 543.879015 2.190139
935 1268.171281 2.888156
936 2891.953177 2.644374
937 1260.472494 2.886643
938 1656.489606 2.902590
939 572.409187 2.253623
940 1489.445011 2.909105
941 1662.911751 2.902047
942 2944.253275 2.633614
943 2613.092727 2.708102
944 1547.417239 2.908636
945 691.692871 2.488504
946 1984.763791 2.854797
947 1111.112932 2.843813
948 1044.821935 2.815190
949 1975.134083 2.856663
950 2722.817459 2.682004
951 1640.746813 2.903839
952 2161.817367 2.817199
953 906.414146 2.730956
954 789.503365 2.627418
955 482.932341 2.045663
956 1554.329077 2.908444
957 1473.973201 2.908867
958 2072.710458 2.836828
959 1129.538499 2.850622
960 2873.120582 2.648362
961 858.293155 2.692405
962 1667.739409 2.901626
963 604.456378 2.321623
964 2248.858649 2.796988
965 600.425623 2.313266
966 1999.097683 2.851979
967 1739.506194 2.894155
968 453.226920 1.971403
969 2694.881832 2.688551
970 2163.256442 2.816872
971 1409.787161 2.906097
972 488.952240 2.060430
973 2498.538684 2.736117
974 1861.783126 2.876849
975 1050.232379 2.817782
976 2054.846183 2.840603
977 2730.789924 2.680150
978 2963.199602 2.629839
979 2437.369937 2.751194
980 977.647226 2.778842
981 606.957605 2.326780
982 426.515036 1.902881
983 1375.311550 2.903328
984 429.927224 1.911714
985 1693.256719 2.899224
986 2481.965435 2.740200
987 1398.093262 2.905263
988 2014.773636 2.848845
989 2263.596322 2.793488
990 2240.018096 2.799078
991 895.967623 2.723037
992 678.219331 2.464471
993 2762.520019 2.672840
994 429.682541 1.911082
995 1041.354186 2.813503
996 1379.925144 2.903754
997 595.055161 2.302044
998 1749.028264 2.893003
999 1468.965732 2.908756
1000 2234.923019 2.800279
1001 983.908596 2.782571
1002 1156.952754 2.859900
1003 678.512461 2.465000
1004 1757.347515 2.891967
1005 2653.176073 2.698457
1006 604.431979 2.321572
1007 1648.316197 2.903253
1008 2714.904140 2.683851
1009 2573.405372 2.717748
1010 1665.930775 2.901785
1011 1117.200039 2.846115
1012 1183.153598 2.867862
1013 2477.585288 2.741280
1014 1353.654785 2.901092
1015 2218.719590 2.804082
1016 930.605572 2.748386
1017 2117.719338 2.827069
1018 651.778045 2.415464
1019 1477.645474 2.908938
1020 1262.281402 2.887004
1021 575.766666 2.260913
1022 1752.786747 2.892538
1023 2661.751043 2.696409
