0 0.000000000000000 0.000000000000000 -1.000000000000000 0.000000000000000 0.000000000000000 0.000000000000000 
1 0.000000000000000 0.000000000000000 -1.000000000000000 0.000329473607492 -0.002561375740154 -0.001442510101172 
2 0.000000000000000 0.000000000000000 -1.000000000000000 0.000620705436045 -0.005172665326168 -0.002641259463114 
3 0.000000000000000 0.000000000000000 -1.000000000000000 0.000586943851176 -0.007456782278794 -0.003390852863067 
4 0.000000000000000 0.000000000000000 -1.000000000000000 0.000663348905516 -0.010002467663894 -0.004125372212699 
5 0.000000000000000 0.000000000000000 -1.000000000000000 0.000447498917978 -0.012307611349100 -0.004596415806480 
6 0.000000000000000 0.000000000000000 -1.000000000000000 0.000227451923955 -0.014524234645788 -0.004624364579523 
7 0.000000000000000 0.000000000000000 -1.000000000000000 -0.000116411283152 -0.016809457333696 -0.004835245611706 
8 0.000000000000000 0.000000000000000 -1.000000000000000 -0.000421102440899 -0.018914826985706 -0.004759294306936 
9 0.000000000000000 0.000000000000000 -1.000000000000000 -0.000410600085703 -0.021123352941244 -0.004782295704989 
10 0.000000000000000 0.000000000000000 -1.000000000000000 -0.000699660859115 -0.023437963020565 -0.004765174979790 
11 0.000000000000000 0.000000000000000 -1.000000000000000 -0.000910266079287 -0.025820842201937 -0.004988882714506 
12 0.000000000000000 0.000000000000000 -1.000000000000000 -0.001260441558311 -0.028083816637054 -0.005414223582761 
13 0.000000000000000 0.000000000000000 -1.000000000000000 -0.001298943982947 -0.030337163407095 -0.006144571099794 
14 0.000000000000000 0.000000000000000 -1.000000000000000 -0.001514379943544 -0.032466743760496 -0.007097379725503 
15 0.000000000000000 0.000000000000000 -1.000000000000000 -0.001478622191206 -0.035131161914835 -0.008344385953940 
16 0.000000000000000 0.000000000000000 -1.000000000000000 -0.001371835327851 -0.037440266058391 -0.009639324832293 
17 0.000000000000000 0.000000000000000 -1.000000000000000 -0.001480633557127 -0.039844335200656 -0.010888198310409 
18 0.000000000000000 0.000000000000000 -1.000000000000000 -0.001673418538261 -0.042445788196388 -0.012084878834925 
19 0.000000000000000 0.000000000000000 -1.000000000000000 -0.001780656617110 -0.044632308002337 -0.013572457089216 
20 0.000000000000000 0.000000000000000 -1.000000000000000 -0.001923714013056 -0.047015735071828 -0.015031833843106 
21 0.000000000000000 0.000000000000000 -1.000000000000000 -0.002091887012039 -0.049409666266210 -0.016517413272975 
22 0.000000000000000 0.000000000000000 -1.000000000000000 -0.002314801805799 -0.051534542764995 -0.017892351853858 
23 0.000000000000000 0.000000000000000 -1.000000000000000 -0.002731173861288 -0.053864928387936 -0.019504632980600 
24 0.000000000000000 0.000000000000000 -1.000000000000000 -0.003245057274846 -0.056145506137159 -0.020929422557931 
25 0.000000000000000 0.000000000000000 -1.000000000000000 -0.003371842945441 -0.058343342851877 -0.022564024905207 
26 0.000000000000000 0.000000000000000 -1.000000000000000 -0.003788277487986 -0.060679133746378 -0.024204218010060 
27 0.000000000000000 0.000000000000000 -1.000000000000000 -0.004072591861859 -0.062780944595105 -0.025877154476902 
28 0.000000000000000 0.000000000000000 -1.000000000000000 -0.004035330274509 -0.065061784554778 -0.027727958582891 
29 0.000000000000000 0.000000000000000 -1.000000000000000 -0.004227065252190 -0.067233396098965 -0.029435997724068 
30 0.000000000000000 0.000000000000000 -1.000000000000000 -0.004219272910309 -0.069618011304006 -0.031065577339850 
31 0.000000000000000 0.000000000000000 -1.000000000000000 -0.004013720383418 -0.071777450334140 -0.032644624174556 
32 0.000000000000000 0.000000000000000 -1.000000000000000 -0.003950059346564 -0.074088696886516 -0.034161679736384 
33 0.000000000000000 0.000000000000000 -1.000000000000000 -0.003779792045558 -0.076299599940925 -0.035354572356500 
34 0.000000000000000 0.000000000000000 -1.000000000000000 -0.003558612574060 -0.078587763633347 -0.036311165948123 
35 0.000000000000000 0.000000000000000 -1.000000000000000 -0.003433652561931 -0.081165432568865 -0.036951914794010 
36 0.000000000000000 0.000000000000000 -1.000000000000000 -0.003168603848713 -0.083503174569989 -0.037414944134429 
37 0.000000000000000 0.000000000000000 -1.000000000000000 -0.003159848117076 -0.086006167152586 -0.037501202126861 
38 0.000000000000000 0.000000000000000 -1.000000000000000 -0.003041636807414 -0.088530888930185 -0.037770485950147 
39 0.000000000000000 0.000000000000000 -1.000000000000000 -0.002957184383493 -0.090735992350638 -0.038106942521295 
40 0.000000000000000 0.000000000000000 -1.000000000000000 -0.002880757845213 -0.093214336996462 -0.038632782241518 
41 0.000000000000000 0.000000000000000 -1.000000000000000 -0.002573814749360 -0.095634211475956 -0.039660844435543 
42 0.000000000000000 0.000000000000000 -1.000000000000000 -0.002036716284189 -0.098027968570471 -0.040851439956309 
43 0.000000000000000 0.000000000000000 -1.000000000000000 -0.001468944057954 -0.100160894256531 -0.042295931052541 
44 0.000000000000000 0.000000000000000 -1.000000000000000 -0.000689182773959 -0.102362219894734 -0.043568255207648 
45 0.000000000000000 0.000000000000000 -1.000000000000000 0.000198635280706 -0.104358680561390 -0.044848578790833 
46 0.000000000000000 0.000000000000000 -1.000000000000000 0.001326695357143 -0.106424023520056 -0.046404893786327 
47 0.000000000000000 0.000000000000000 -1.000000000000000 0.002615731697151 -0.108428009945021 -0.047590603334752 
48 0.000000000000000 0.000000000000000 -1.000000000000000 0.004052764129390 -0.110383131846413 -0.048983206311095 
49 0.000000000000000 0.000000000000000 -1.000000000000000 0.005679704737839 -0.112570416562858 -0.050367499611502 
50 0.000000000000000 0.000000000000000 -1.000000000000000 0.007739501815178 -0.115168985035514 -0.051947959089579 
51 0.000000000000000 0.000000000000000 -1.000000000000000 0.009458193502055 -0.117184511566117 -0.053624141172226 
52 0.000000000000000 0.000000000000000 -1.000000000000000 0.011086611203768 -0.119524426972073 -0.055032527556957 
53 0.000000000000000 0.000000000000000 -1.000000000000000 0.012748171943055 -0.121761153867151 -0.056511309543540 
54 0.000000000000000 0.000000000000000 -1.000000000000000 0.014315936726509 -0.124218670208831 -0.058378332252646 
55 0.000000000000000 0.000000000000000 -1.000000000000000 0.015771752455650 -0.126768852063980 -0.059921310360061 
56 0.000000000000000 0.000000000000000 -1.000000000000000 0.017338103930481 -0.129129895266709 -0.061905298376098 
57 0.000000000000000 0.000000000000000 -1.000000000000000 0.018659054707698 -0.131747044969027 -0.063899856449067 
58 0.000000000000000 0.000000000000000 -1.000000000000000 0.019928221753392 -0.134640987646684 -0.066174131007940 
59 0.000000000000000 0.000000000000000 -1.000000000000000 0.020852754612188 -0.137254495331070 -0.068272882757166 
60 0.000000000000000 0.000000000000000 -1.000000000000000 0.022010792355925 -0.140271380228579 -0.070650715337684 
61 0.000000000000000 0.000000000000000 -1.000000000000000 0.023404996937984 -0.143202886096318 -0.072967742000965 
62 0.000000000000000 0.000000000000000 -1.000000000000000 0.024472908643178 -0.146021161047319 -0.075145851927709 
63 0.000000000000000 0.000000000000000 -1.000000000000000 0.025290775207063 -0.148983425203730 -0.077403201070288 
64 0.000000000000000 0.000000000000000 -1.000000000000000 0.026203053073857 -0.152102183484945 -0.079836878675038 
65 0.000000000000000 0.000000000000000 -1.000000000000000 0.027327292215307 -0.155155911410507 -0.082430944600728 
66 0.000000000000000 0.000000000000000 -1.000000000000000 0.028571697300187 -0.158240337624448 -0.085007555659080 
67 0.000000000000000 0.000000000000000 -1.000000000000000 0.029736936192234 -0.161305129753490 -0.087804990032737 
68 0.000000000000000 0.000000000000000 -1.000000000000000 0.030921445325524 -0.164161074315662 -0.090884598820572 
69 0.000000000000000 0.000000000000000 -1.000000000000000 0.031952498098601 -0.167250078127856 -0.093869283918529 
70 0.000000000000000 0.000000000000000 -1.000000000000000 0.033501290803798 -0.169853696930262 -0.097115492455951 
71 0.000000000000000 0.000000000000000 -1.000000000000000 0.035004609117358 -0.172609165811682 -0.100082760731068 
72 0.000000000000000 0.000000000000000 -1.000000000000000 0.036833963003945 -0.175041270494101 -0.102778453100546 
73 0.000000000000000 0.000000000000000 -1.000000000000000 0.038617281738802 -0.177501433689086 -0.105193223206163 
74 0.000000000000000 0.000000000000000 -1.000000000000000 0.040464894013797 -0.180200711438928 -0.107622442947780 
75 0.000000000000000 0.000000000000000 -1.000000000000000 0.042725018133335 -0.182774666442560 -0.109517886329090 
76 0.000000000000000 0.000000000000000 -1.000000000000000 0.044757853993135 -0.185555372836012 -0.111248316954731 
77 0.000000000000000 0.000000000000000 -1.000000000000000 0.046730185558077 -0.188599303491567 -0.112562709644784 
78 0.000000000000000 0.000000000000000 -1.000000000000000 0.048647463280288 -0.191558414896911 -0.114202177471067 
79 0.000000000000000 0.000000000000000 -1.000000000000000 0.049819361917117 -0.194815511754813 -0.115851150429963 
80 0.000000000000000 0.000000000000000 -1.000000000000000 0.051139158592299 -0.198252184545355 -0.117483704419429 
81 0.000000000000000 0.000000000000000 -1.000000000000000 0.052056163262084 -0.201844752788593 -0.119559322299480 
82 0.000000000000000 0.000000000000000 -1.000000000000000 0.053000435073587 -0.205317907070293 -0.121692484965316 
83 0.000000000000000 0.000000000000000 -1.000000000000000 0.054112714641793 -0.209114016367821 -0.123896658948390 
84 0.000000000000000 0.000000000000000 -1.000000000000000 0.054797349699995 -0.212632090236472 -0.125931954355335 
85 0.000000000000000 0.000000000000000 -1.000000000000000 0.055773716106808 -0.216072277066542 -0.128039637485105 
86 0.000000000000000 0.000000000000000 -1.000000000000000 0.056533087456018 -0.219361255712598 -0.129840991469405 
87 0.000000000000000 0.000000000000000 -1.000000000000000 0.057506478988425 -0.222632718042856 -0.131918440272631 
88 0.000000000000000 0.000000000000000 -1.000000000000000 0.058470906022962 -0.225992927617120 -0.134360515634969 
89 0.000000000000000 0.000000000000000 -1.000000000000000 0.059495519158386 -0.229237359905283 -0.136902890525123 
90 0.000000000000000 0.000000000000000 -1.000000000000000 0.060410531482729 -0.232395947966591 -0.139650302482988 
91 0.000000000000000 0.000000000000000 -1.000000000000000 0.061344220890776 -0.235588210155295 -0.142226481731318 
92 0.000000000000000 0.000000000000000 -1.000000000000000 0.062232668403994 -0.238910788363876 -0.144320463729083 
93 0.000000000000000 0.000000000000000 -1.000000000000000 0.063341194992818 -0.241934813935807 -0.146030274361362 
94 0.000000000000000 0.000000000000000 -1.000000000000000 0.064637572378881 -0.244734824828765 -0.146997195103000 
95 0.000000000000000 0.000000000000000 -1.000000000000000 0.065882750012787 -0.247317542267421 -0.147966371028851 
96 0.000000000000000 0.000000000000000 -1.000000000000000 0.067353719699678 -0.249954035037628 -0.148814800842192 
97 0.000000000000000 0.000000000000000 -1.000000000000000 0.068709216547221 -0.252594098449195 -0.150082849136164 
98 0.000000000000000 0.000000000000000 -1.000000000000000 0.070263577045611 -0.255476461743048 -0.151644214106672 
99 0.000000000000000 0.000000000000000 -1.000000000000000 0.071268554467304 -0.258132986982721 -0.152824766872260 
100 0.000000000000000 0.000000000000000 -1.000000000000000 0.072334634012023 -0.260743067808657 -0.154056507646526 
101 0.000000000000000 0.000000000000000 -1.000000000000000 0.073164954098636 -0.263188729674291 -0.155414088680799 
102 0.000000000000000 0.000000000000000 -1.000000000000000 0.073994263582072 -0.265887765319712 -0.156378432242548 
103 0.000000000000000 0.000000000000000 -1.000000000000000 0.074687383043734 -0.268662638092348 -0.157246069706738 
104 0.000000000000000 0.000000000000000 -1.000000000000000 0.075732193784721 -0.271416348962829 -0.158110175312639 
105 0.000000000000000 0.000000000000000 -1.000000000000000 0.076455116645519 -0.274023390746462 -0.158968004809152 
106 0.000000000000000 0.000000000000000 -1.000000000000000 0.077555794935864 -0.276675445956982 -0.159816587869459 
107 0.000000000000000 0.000000000000000 -1.000000000000000 0.078192980890884 -0.279415516875360 -0.160445204587387 
108 0.000000000000000 0.000000000000000 -1.000000000000000 0.078739123105008 -0.281839058996707 -0.160901239116136 
109 0.000000000000000 0.000000000000000 -1.000000000000000 0.079210353244108 -0.284651186996804 -0.161981482367701 
110 0.000000000000000 0.000000000000000 -1.000000000000000 0.079859500178390 -0.287327825216842 -0.163354172744126 
111 0.000000000000000 0.000000000000000 -1.000000000000000 0.080541475962329 -0.290022869094012 -0.164628623906193 
112 0.000000000000000 0.000000000000000 -1.000000000000000 0.081167017861494 -0.292474729783349 -0.166006591607038 
113 0.000000000000000 0.000000000000000 -1.000000000000000 0.081867632033334 -0.295165729104059 -0.167811608972443 
114 0.000000000000000 0.000000000000000 -1.000000000000000 0.082573672031418 -0.297794881221618 -0.169162270095930 
115 0.000000000000000 0.000000000000000 -1.000000000000000 0.083176715741714 -0.300020110830071 -0.170668274284992 
116 0.000000000000000 0.000000000000000 -1.000000000000000 0.083658430355703 -0.302228321449163 -0.172141805417182 
117 0.000000000000000 0.000000000000000 -1.000000000000000 0.084477345568271 -0.304513738897311 -0.173650220524151 
118 0.000000000000000 0.000000000000000 -1.000000000000000 0.085723062146033 -0.306761767474950 -0.175680492179440 
119 0.000000000000000 0.000000000000000 -1.000000000000000 0.086929011600044 -0.308750492539906 -0.177251569635792 
120 0.000000000000000 0.000000000000000 -1.000000000000000 0.088023063845581 -0.310985449578653 -0.178950745705639 
121 0.000000000000000 0.000000000000000 -1.000000000000000 0.088833896380913 -0.313129758335622 -0.180256179497330 
122 0.000000000000000 0.000000000000000 -1.000000000000000 0.089605130707735 -0.315117936964148 -0.181868810503742 
123 0.000000000000000 0.000000000000000 -1.000000000000000 0.090419281190637 -0.317339152732359 -0.183560293786260 
124 0.000000000000000 0.000000000000000 -1.000000000000000 0.091064131242413 -0.319474493109719 -0.185137581714734 
125 0.000000000000000 0.000000000000000 -1.000000000000000 0.091688337351316 -0.321487054896605 -0.186697426961447 
126 0.000000000000000 0.000000000000000 -1.000000000000000 0.092127023310788 -0.323583546235654 -0.188173164400368 
127 0.000000000000000 0.000000000000000 -1.000000000000000 0.092503118468362 -0.325725518956677 -0.189478473558053 
128 0.000000000000000 0.000000000000000 -1.000000000000000 0.092955526470760 -0.327794541358520 -0.190483510712058 
129 0.000000000000000 0.000000000000000 -1.000000000000000 0.093501609831064 -0.329722111870410 -0.191294774172019 
130 0.000000000000000 0.000000000000000 -1.000000000000000 0.094109229647835 -0.331865649421201 -0.192247900327264 
131 0.000000000000000 0.000000000000000 -1.000000000000000 0.094565293554101 -0.333851226679546 -0.192932506656253 
132 0.000000000000000 0.000000000000000 -1.000000000000000 0.095163411489713 -0.336198353968761 -0.193738340748238 
133 0.000000000000000 0.000000000000000 -1.000000000000000 0.095632694583171 -0.338329748587825 -0.194505684061286 
134 0.000000000000000 0.000000000000000 -1.000000000000000 0.096080205243356 -0.340458415751401 -0.194887896369400 
135 0.000000000000000 0.000000000000000 -1.000000000000000 0.096712191022350 -0.342446695560784 -0.195665639655547 
136 0.000000000000000 0.000000000000000 -1.000000000000000 0.097422075030359 -0.344487788700580 -0.196070226842956 
137 0.000000000000000 0.000000000000000 -1.000000000000000 0.098228066897275 -0.346569036131891 -0.196756533532527 
138 0.000000000000000 0.000000000000000 -1.000000000000000 0.099145500411527 -0.348564155015421 -0.197348987817320 
139 0.000000000000000 0.000000000000000 -1.000000000000000 0.099950052634517 -0.350619053451901 -0.197728480028978 
140 0.000000000000000 0.000000000000000 -1.000000000000000 0.100653835556735 -0.352623272242687 -0.198451915410714 
141 0.000000000000000 0.000000000000000 -1.000000000000000 0.101581807437915 -0.354875591688423 -0.199041217962448 
142 0.000000000000000 0.000000000000000 -1.000000000000000 0.102449349392598 -0.356958024215722 -0.199303808045564 
143 0.000000000000000 0.000000000000000 -1.000000000000000 0.103133310255285 -0.358985000848086 -0.199546973573597 
144 0.000000000000000 0.000000000000000 -1.000000000000000 0.103718208690293 -0.361052741910815 -0.200080632683338 
145 0.000000000000000 0.000000000000000 -1.000000000000000 0.103914606470261 -0.363127663822212 -0.200960026312541 
146 0.000000000000000 0.000000000000000 -1.000000000000000 0.104247817032016 -0.365293677965345 -0.202369045021367 
147 0.000000000000000 0.000000000000000 -1.000000000000000 0.104574379264460 -0.367551744670389 -0.204313651836616 
148 0.000000000000000 0.000000000000000 -1.000000000000000 0.104838015997894 -0.369982454868094 -0.206616325844658 
149 0.000000000000000 0.000000000000000 -1.000000000000000 0.105443224124787 -0.372320731572150 -0.209158952774653 
150 0.000000000000000 0.000000000000000 -1.000000000000000 0.105605360857799 -0.374548575505736 -0.211404653604201 
151 0.000000000000000 0.000000000000000 -1.000000000000000 0.105996136470996 -0.376889159056387 -0.213566660214496 
152 0.000000000000000 0.000000000000000 -1.000000000000000 0.106298952765142 -0.379011795473682 -0.215521300145011 
153 0.000000000000000 0.000000000000000 -1.000000000000000 0.106735433199596 -0.381075984425217 -0.217432826834717 
154 0.000000000000000 0.000000000000000 -1.000000000000000 0.107333145977860 -0.383085201741059 -0.219229370994110 
155 0.000000000000000 0.000000000000000 -1.000000000000000 0.107923826495076 -0.385072703004619 -0.220994171310296 
156 0.000000000000000 0.000000000000000 -1.000000000000000 0.108647469513950 -0.386888260739420 -0.222556493095510 
157 0.000000000000000 0.000000000000000 -1.000000000000000 0.109377896715917 -0.388540384332395 -0.224026236544918 
158 0.000000000000000 0.000000000000000 -1.000000000000000 0.110043741010926 -0.390424610944769 -0.225152965365934 
159 0.000000000000000 0.000000000000000 -1.000000000000000 0.110912020376869 -0.392069522636108 -0.226122805363297 
160 0.000000000000000 0.000000000000000 -1.000000000000000 0.111785102612907 -0.393612645896552 -0.226596077389417 
161 0.000000000000000 0.000000000000000 -1.000000000000000 0.112614575976598 -0.395327137748099 -0.227019206269941 
162 0.000000000000000 0.000000000000000 -1.000000000000000 0.113170463959879 -0.396980009527867 -0.227407108159744 
163 0.000000000000000 0.000000000000000 -1.000000000000000 0.113756307112038 -0.398587401816806 -0.228208608255188 
164 0.000000000000000 0.000000000000000 -1.000000000000000 0.114371691985441 -0.400583806021126 -0.229321872894566 
165 0.000000000000000 0.000000000000000 -1.000000000000000 0.114895055474947 -0.402554541691887 -0.230435958027291 
166 0.000000000000000 0.000000000000000 -1.000000000000000 0.115268636767757 -0.404797483260862 -0.231321665490931 
167 0.000000000000000 0.000000000000000 -1.000000000000000 0.115401066142333 -0.406969584654732 -0.231836314772664 
168 0.000000000000000 0.000000000000000 -1.000000000000000 0.115601175273639 -0.409309704954099 -0.232493141928721 
169 0.000000000000000 0.000000000000000 -1.000000000000000 0.115729876581498 -0.411892436394684 -0.233141828077926 
170 0.000000000000000 0.000000000000000 -1.000000000000000 0.115902328656249 -0.414220618906852 -0.233752337956026 
171 0.000000000000000 0.000000000000000 -1.000000000000000 0.115871032263146 -0.416471162477358 -0.234351120142597 
172 0.000000000000000 0.000000000000000 -1.000000000000000 0.116148030906314 -0.418647315560219 -0.234806691588348 
173 0.000000000000000 0.000000000000000 -1.000000000000000 0.116702643351812 -0.420842976248489 -0.235381219130909 
174 0.000000000000000 0.000000000000000 -1.000000000000000 0.117079770146887 -0.422620024200401 -0.235846456941083 
175 0.000000000000000 0.000000000000000 -1.000000000000000 0.117687485745333 -0.424404625278456 -0.236455080426754 
176 0.000000000000000 0.000000000000000 -1.000000000000000 0.118599109570286 -0.426065955068938 -0.237189938726451 
177 0.000000000000000 0.000000000000000 -1.000000000000000 0.119365627614068 -0.427658325381696 -0.237956106726105 
178 0.000000000000000 0.000000000000000 -1.000000000000000 0.120265452118436 -0.429459628954681 -0.238794677693992 
179 0.000000000000000 0.000000000000000 -1.000000000000000 0.121273923385407 -0.431255872517056 -0.239676902584717 
180 0.000000000000000 0.000000000000000 -1.000000000000000 0.121819720713354 -0.433340535624719 -0.240182240513553 
181 0.000000000000000 0.000000000000000 -1.000000000000000 0.122221903727143 -0.435153471048708 -0.240645035027713 
182 0.000000000000000 0.000000000000000 -1.000000000000000 0.122534979447092 -0.437143656721962 -0.240929522642591 
183 0.000000000000000 0.000000000000000 -1.000000000000000 0.122957812200306 -0.439100137671304 -0.240999796438823 
184 0.000000000000000 0.000000000000000 -1.000000000000000 0.123276666267305 -0.441004791417447 -0.240658111340954 
185 0.000000000000000 0.000000000000000 -1.000000000000000 0.123838446628484 -0.442589692534636 -0.240277952852393 
186 0.000000000000000 0.000000000000000 -1.000000000000000 0.124393710850246 -0.444350150771353 -0.240226836293574 
187 0.000000000000000 0.000000000000000 -1.000000000000000 0.125253156762176 -0.446070343987389 -0.240447063704242 
188 0.000000000000000 0.000000000000000 -1.000000000000000 0.126577496229903 -0.447910199197330 -0.241202785086811 
189 0.000000000000000 0.000000000000000 -1.000000000000000 0.127334499167259 -0.449582131195579 -0.241299018333186 
190 0.000000000000000 0.000000000000000 -1.000000000000000 0.128082809636431 -0.451573416075090 -0.241533766655309 
191 0.000000000000000 0.000000000000000 -1.000000000000000 0.128216728941618 -0.453467751215019 -0.241453305296948 
192 0.000000000000000 0.000000000000000 -1.000000000000000 0.128342943806169 -0.455686257389034 -0.241291057857813 
193 0.000000000000000 0.000000000000000 -1.000000000000000 0.128436053849090 -0.457762329226312 -0.240894054408700 
194 0.000000000000000 0.000000000000000 -1.000000000000000 0.128530767972401 -0.459922556353144 -0.240698904226209 
195 0.000000000000000 0.000000000000000 -1.000000000000000 0.128340798430477 -0.462454832079642 -0.240337513494200 
196 0.000000000000000 0.000000000000000 -1.000000000000000 0.128230300571595 -0.464556272341338 -0.240310759821227 
197 0.000000000000000 0.000000000000000 -1.000000000000000 0.128216993648770 -0.466626129680970 -0.239917738783026 
198 0.000000000000000 0.000000000000000 -1.000000000000000 0.127733383688735 -0.468665556897916 -0.239528601845292 
199 0.000000000000000 0.000000000000000 -1.000000000000000 0.127326437778821 -0.470875421539898 -0.239241097214102 
200 0.000000000000000 0.000000000000000 -1.000000000000000 0.126777067419550 -0.473033327890610 -0.238729166157989 
201 0.000000000000000 0.000000000000000 -1.000000000000000 0.126146453469799 -0.475182386475945 -0.238279823187026 
202 0.000000000000000 0.000000000000000 -1.000000000000000 0.124983898161482 -0.477300971213948 -0.237892870623343 
203 0.000000000000000 0.000000000000000 -1.000000000000000 0.123761959756906 -0.479916626524101 -0.237370295588189 
204 0.000000000000000 0.000000000000000 -1.000000000000000 0.122117603823759 -0.482489009924526 -0.237252785475201 
205 0.000000000000000 0.000000000000000 -1.000000000000000 0.120684365534858 -0.485154566278988 -0.237084756072322 
206 0.000000000000000 0.000000000000000 -1.000000000000000 0.118959607503147 -0.487750481522762 -0.236336806259207 
207 0.000000000000000 0.000000000000000 -1.000000000000000 0.116881553543171 -0.490992810552811 -0.235182863134896 
208 0.000000000000000 0.000000000000000 -1.000000000000000 0.114824563341954 -0.493664051850716 -0.233279865953426 
209 0.000000000000000 0.000000000000000 -1.000000000000000 0.112804855943914 -0.496381258044833 -0.230136552863209 
210 0.000000000000000 0.000000000000000 -1.000000000000000 0.110501095083715 -0.499182648087126 -0.227249854764627 
211 0.000000000000000 0.000000000000000 -1.000000000000000 0.108344317789667 -0.501607218873159 -0.224484206197135 
212 0.000000000000000 0.000000000000000 -1.000000000000000 0.106445581089275 -0.504203270695036 -0.221443170198800 
213 0.000000000000000 0.000000000000000 -1.000000000000000 0.103899672986082 -0.506639444315158 -0.218980490715778 
214 0.000000000000000 0.000000000000000 -1.000000000000000 0.101591006890821 -0.508991760683758 -0.216230810675438 
215 0.000000000000000 0.000000000000000 -1.000000000000000 0.098835187206805 -0.511555523992454 -0.213096941867066 
216 0.000000000000000 0.000000000000000 -1.000000000000000 0.095961001933941 -0.514337410789691 -0.210890100133739 
217 0.000000000000000 0.000000000000000 -1.000000000000000 0.092944204937573 -0.517176407554152 -0.207190130644253 
218 0.000000000000000 0.000000000000000 -1.000000000000000 0.090324462100105 -0.519913729022720 -0.203875108686907 
219 0.000000000000000 0.000000000000000 -1.000000000000000 0.087639958836076 -0.522580624524483 -0.200523237190586 
220 0.000000000000000 0.000000000000000 -1.000000000000000 0.085232778146626 -0.525084196164872 -0.197347144788855 
221 0.000000000000000 0.000000000000000 -1.000000000000000 0.082777340948677 -0.527625128761261 -0.194665193581480 
222 0.000000000000000 0.000000000000000 -1.000000000000000 0.079622098732944 -0.530335385134851 -0.192489228769867 
223 0.000000000000000 0.000000000000000 -1.000000000000000 0.076020406962576 -0.532844134970698 -0.189737443539549 
224 0.000000000000000 0.000000000000000 -1.000000000000000 0.072141393347830 -0.535782746214572 -0.186229618381499 
225 0.000000000000000 0.000000000000000 -1.000000000000000 0.068131162656624 -0.538720448818068 -0.182680705495960 
226 0.000000000000000 0.000000000000000 -1.000000000000000 0.064175333924602 -0.541990677958115 -0.179089491053838 
227 0.000000000000000 0.000000000000000 -1.000000000000000 0.060367015043976 -0.545386170272659 -0.175160246957318 
228 0.000000000000000 0.000000000000000 -1.000000000000000 0.056253666778489 -0.548818329064475 -0.171559003642213 
229 0.000000000000000 0.000000000000000 -1.000000000000000 0.052048104564327 -0.552285783592951 -0.167884666038767 
230 0.000000000000000 0.000000000000000 -1.000000000000000 0.047831455105119 -0.555433206347637 -0.163224215491917 
231 0.000000000000000 0.000000000000000 -1.000000000000000 0.043312424328641 -0.558593088652424 -0.159575938553824 
232 0.000000000000000 0.000000000000000 -1.000000000000000 0.038588440034470 -0.561748030224718 -0.155969109716445 
233 0.000000000000000 0.000000000000000 -1.000000000000000 0.034003818959548 -0.564493153160251 -0.152664457032469 
234 0.000000000000000 0.000000000000000 -1.000000000000000 0.029340659156608 -0.566708084242812 -0.149224057889661 
235 0.000000000000000 0.000000000000000 -1.000000000000000 0.024301151889769 -0.569091503737698 -0.145823804665839 
236 0.000000000000000 0.000000000000000 -1.000000000000000 0.019127350890407 -0.570922432705146 -0.142114151656107 
237 0.000000000000000 0.000000000000000 -1.000000000000000 0.014346100671461 -0.572510063643973 -0.138927019821860 
238 0.000000000000000 0.000000000000000 -1.000000000000000 0.009854278462719 -0.573661624807439 -0.134785900200117 
239 0.000000000000000 0.000000000000000 -1.000000000000000 0.005121723342366 -0.574569357265672 -0.129688628850619 
240 0.000000000000000 0.000000000000000 -1.000000000000000 0.000259457866557 -0.575316997885115 -0.125368887066730 
241 0.000000000000000 0.000000000000000 -1.000000000000000 -0.004670007852232 -0.576369487152278 -0.121157040169614 
242 0.000000000000000 0.000000000000000 -1.000000000000000 -0.009576837767102 -0.577369712992283 -0.117597798063590 
243 0.000000000000000 0.000000000000000 -1.000000000000000 -0.014579098301018 -0.578202028166867 -0.114835886754950 
244 0.000000000000000 0.000000000000000 -1.000000000000000 -0.019484210005475 -0.579112557357375 -0.112619359333135 
245 0.000000000000000 0.000000000000000 -1.000000000000000 -0.023926580215929 -0.580281028220860 -0.110320803553142 
246 0.000000000000000 0.000000000000000 -1.000000000000000 -0.028302632818976 -0.581360220636105 -0.107735698061612 
247 0.000000000000000 0.000000000000000 -1.000000000000000 -0.032337210635914 -0.582547171279775 -0.105235231413302 
248 0.000000000000000 0.000000000000000 -1.000000000000000 -0.036124926912987 -0.584099493292522 -0.102943522247950 
249 0.000000000000000 0.000000000000000 -1.000000000000000 -0.039708204737627 -0.585721297513354 -0.100580467263243 
250 0.000000000000000 0.000000000000000 -1.000000000000000 -0.043280748973014 -0.587493887670899 -0.098208532720866 
251 0.000000000000000 0.000000000000000 -1.000000000000000 -0.047382497403021 -0.589378204181159 -0.096043939077550 
252 0.000000000000000 0.000000000000000 -1.000000000000000 -0.051536002190860 -0.591093532766003 -0.093865766381775 
253 0.000000000000000 0.000000000000000 -1.000000000000000 -0.055412290740374 -0.592859264911427 -0.091636120278432 
254 0.000000000000000 0.000000000000000 -1.000000000000000 -0.059174591192647 -0.594450611952122 -0.089904042047255 
255 0.000000000000000 0.000000000000000 -1.000000000000000 -0.062486692609546 -0.595809206774454 -0.087309290804677 
265 0.000000000000000 0.000000000000000 -1.000000000000000 -0.001159835879097 -0.002777642061595 -0.002838181406834 
267 0.000000000000000 0.000000000000000 -1.000000000000000 -0.001159835879097 -0.002777642061595 -0.002838181406834 
272 0.000000000000000 0.000000000000000 -1.000000000000000 -0.001159835879097 -0.002777642061595 -0.002838181406834 
273 0.000000000000000 0.000000000000000 -1.000000000000000 -0.001159835879097 -0.002777642061595 -0.002838181406834 
274 0.000000000000000 0.000000000000000 -1.000000000000000 -0.001159835879097 -0.002777642061595 -0.002838181406834 
275 0.000000000000000 0.000000000000000 -1.000000000000000 -0.001159835879097 -0.002777642061595 -0.002838181406834 
276 0.000000000000000 0.000000000000000 -1.000000000000000 -0.001159835879097 -0.002777642061595 -0.002838181406834 
277 0.000000000000000 0.000000000000000 -1.000000000000000 -0.001159835879097 -0.002777642061595 -0.002838181406834 
279 0.000000000000000 0.000000000000000 -1.000000000000000 -0.001159835879097 -0.002777642061595 -0.002838181406834 
280 0.000000000000000 0.000000000000000 -1.000000000000000 -0.001159835879097 -0.002777642061595 -0.002838181406834 
284 0.000000000000000 0.000000000000000 -1.000000000000000 -0.001159835879097 -0.002777642061595 -0.002838181406834 
285 0.000000000000000 0.000000000000000 -1.000000000000000 -0.001159835879097 -0.002777642061595 -0.002838181406834 
286 0.000000000000000 0.000000000000000 -1.000000000000000 -0.001159835879097 -0.002777642061595 -0.002838181406834 
287 0.000000000000000 0.000000000000000 -1.000000000000000 -0.001159835879097 -0.002777642061595 -0.002838181406834 
289 0.000000000000000 0.000000000000000 -1.000000000000000 -0.001159835879097 -0.002777642061595 -0.002838181406834 
291 0.000000000000000 0.000000000000000 -1.000000000000000 -0.001159835879097 -0.002777642061595 -0.002838181406834 
297 0.000000000000000 0.000000000000000 -1.000000000000000 -0.001159835879097 -0.002777642061595 -0.002838181406834 
299 0.000000000000000 0.000000000000000 -1.000000000000000 -0.001159835879097 -0.002777642061595 -0.002838181406834 
305 0.000000000000000 0.000000000000000 -1.000000000000000 -0.001159835879097 -0.002777642061595 -0.002838181406834 
307 0.000000000000000 0.000000000000000 -1.000000000000000 -0.001159835879097 -0.002777642061595 -0.002838181406834 
309 0.000000000000000 0.000000000000000 -1.000000000000000 -0.001159835879097 -0.002777642061595 -0.002838181406834 
311 0.000000000000000 0.000000000000000 -1.000000000000000 -0.001159835879097 -0.002777642061595 -0.002838181406834 
313 0.000000000000000 0.000000000000000 -1.000000000000000 -0.001159835879097 -0.002777642061595 -0.002838181406834 
315 0.000000000000000 0.000000000000000 -1.000000000000000 -0.001159835879097 -0.002777642061595 -0.002838181406834 
321 0.000000000000000 0.000000000000000 -1.000000000000000 -0.001159835879097 -0.002777642061595 -0.002838181406834 
323 0.000000000000000 0.000000000000000 -1.000000000000000 -0.001159835879097 -0.002777642061595 -0.002838181406834 
325 0.000000000000000 0.000000000000000 -1.000000000000000 -0.001159835879097 -0.002777642061595 -0.002838181406834 
327 0.000000000000000 0.000000000000000 -1.000000000000000 -0.001159835879097 -0.002777642061595 -0.002838181406834 
329 0.000000000000000 0.000000000000000 -1.000000000000000 -0.001159835879097 -0.002777642061595 -0.002838181406834 
331 0.000000000000000 0.000000000000000 -1.000000000000000 -0.001159835879097 -0.002777642061595 -0.002838181406834 
337 0.000000000000000 0.000000000000000 -1.000000000000000 -0.001159835879097 -0.002777642061595 -0.002838181406834 
339 0.000000000000000 0.000000000000000 -1.000000000000000 -0.001159835879097 -0.002777642061595 -0.002838181406834 
341 0.000000000000000 0.000000000000000 -1.000000000000000 -0.001159835879097 -0.002777642061595 -0.002838181406834 
343 0.000000000000000 0.000000000000000 -1.000000000000000 -0.001159835879097 -0.002777642061595 -0.002838181406834 
345 0.000000000000000 0.000000000000000 -1.000000000000000 -0.001159835879097 -0.002777642061595 -0.002838181406834 
347 0.000000000000000 0.000000000000000 -1.000000000000000 -0.001159835879097 -0.002777642061595 -0.002838181406834 
353 0.000000000000000 0.000000000000000 -1.000000000000000 -0.001159835879097 -0.002777642061595 -0.002838181406834 
355 0.000000000000000 0.000000000000000 -1.000000000000000 -0.001159835879097 -0.002777642061595 -0.002838181406834 
357 0.000000000000000 0.000000000000000 -1.000000000000000 -0.001159835879097 -0.002777642061595 -0.002838181406834 
359 0.000000000000000 0.000000000000000 -1.000000000000000 -0.001159835879097 -0.002777642061595 -0.002838181406834 
361 0.000000000000000 0.000000000000000 -1.000000000000000 -0.001159835879097 -0.002777642061595 -0.002838181406834 
363 0.000000000000000 0.000000000000000 -1.000000000000000 -0.001159835879097 -0.002777642061595 -0.002838181406834 
369 0.000000000000000 0.000000000000000 -1.000000000000000 -0.001159835879097 -0.002777642061595 -0.002838181406834 
371 0.000000000000000 0.000000000000000 -1.000000000000000 -0.001159835879097 -0.002777642061595 -0.002838181406834 
373 0.000000000000000 0.000000000000000 -1.000000000000000 -0.001159835879097 -0.002777642061595 -0.002838181406834 
375 0.000000000000000 0.000000000000000 -1.000000000000000 -0.001159835879097 -0.002777642061595 -0.002838181406834 
377 0.000000000000000 0.000000000000000 -1.000000000000000 -0.001159835879097 -0.002777642061595 -0.002838181406834 
379 0.000000000000000 0.000000000000000 -1.000000000000000 -0.001159835879097 -0.002777642061595 -0.002838181406834 
385 0.000000000000000 0.000000000000000 -1.000000000000000 -0.001159835879097 -0.002777642061595 -0.002838181406834 
387 0.000000000000000 0.000000000000000 -1.000000000000000 -0.001159835879097 -0.002777642061595 -0.002838181406834 
389 0.000000000000000 0.000000000000000 -1.000000000000000 -0.001159835879097 -0.002777642061595 -0.002838181406834 
391 0.000000000000000 0.000000000000000 -1.000000000000000 -0.001159835879097 -0.002777642061595 -0.002838181406834 
393 0.000000000000000 0.000000000000000 -1.000000000000000 -0.001159835879097 -0.002777642061595 -0.002838181406834 
395 0.000000000000000 0.000000000000000 -1.000000000000000 -0.001159835879097 -0.002777642061595 -0.002838181406834 
401 0.000000000000000 0.000000000000000 -1.000000000000000 -0.001159835879097 -0.002777642061595 -0.002838181406834 
403 0.000000000000000 0.000000000000000 -1.000000000000000 -0.001159835879097 -0.002777642061595 -0.002838181406834 
405 0.000000000000000 0.000000000000000 -1.000000000000000 -0.001159835879097 -0.002777642061595 -0.002838181406834 
407 0.000000000000000 0.000000000000000 -1.000000000000000 -0.001159835879097 -0.002777642061595 -0.002838181406834 
409 0.000000000000000 0.000000000000000 -1.000000000000000 -0.001159835879097 -0.002777642061595 -0.002838181406834 
411 0.000000000000000 0.000000000000000 -1.000000000000000 -0.001159835879097 -0.002777642061595 -0.002838181406834 
417 0.000000000000000 0.000000000000000 -1.000000000000000 -0.001159835879097 -0.002777642061595 -0.002838181406834 
419 0.000000000000000 0.000000000000000 -1.000000000000000 -0.001159835879097 -0.002777642061595 -0.002838181406834 
421 0.000000000000000 0.000000000000000 -1.000000000000000 -0.001159835879097 -0.002777642061595 -0.002838181406834 
423 0.000000000000000 0.000000000000000 -1.000000000000000 -0.001159835879097 -0.002777642061595 -0.002838181406834 
433 0.000000000000000 0.000000000000000 -1.000000000000000 -0.001159835879097 -0.002777642061595 -0.002838181406834 
435 0.000000000000000 0.000000000000000 -1.000000000000000 -0.001159835879097 -0.002777642061595 -0.002838181406834 
441 0.000000000000000 0.000000000000000 -1.000000000000000 -0.001159835879097 -0.002777642061595 -0.002838181406834 
443 0.000000000000000 0.000000000000000 -1.000000000000000 -0.001159835879097 -0.002777642061595 -0.002838181406834 
449 0.000000000000000 0.000000000000000 -1.000000000000000 -0.001159835879097 -0.002777642061595 -0.002838181406834 
451 0.000000000000000 0.000000000000000 -1.000000000000000 -0.001159835879097 -0.002777642061595 -0.002838181406834 
453 0.000000000000000 0.000000000000000 -1.000000000000000 -0.001159835879097 -0.002777642061595 -0.002838181406834 
455 0.000000000000000 0.000000000000000 -1.000000000000000 -0.001159835879097 -0.002777642061595 -0.002838181406834 
457 0.000000000000000 0.000000000000000 -1.000000000000000 -0.001159835879097 -0.002777642061595 -0.002838181406834 
459 0.000000000000000 0.000000000000000 -1.000000000000000 -0.001159835879097 -0.002777642061595 -0.002838181406834 
465 0.000000000000000 0.000000000000000 -1.000000000000000 -0.001159835879097 -0.002777642061595 -0.002838181406834 
467 0.000000000000000 0.000000000000000 -1.000000000000000 -0.001159835879097 -0.002777642061595 -0.002838181406834 
469 0.000000000000000 0.000000000000000 -1.000000000000000 -0.001159835879097 -0.002777642061595 -0.002838181406834 
471 0.000000000000000 0.000000000000000 -1.000000000000000 -0.001159835879097 -0.002777642061595 -0.002838181406834 
473 0.000000000000000 0.000000000000000 -1.000000000000000 -0.001159835879097 -0.002777642061595 -0.002838181406834 
475 0.000000000000000 0.000000000000000 -1.000000000000000 -0.001159835879097 -0.002777642061595 -0.002838181406834 
481 0.000000000000000 0.000000000000000 -1.000000000000000 -0.001159835879097 -0.002777642061595 -0.002838181406834 
483 0.000000000000000 0.000000000000000 -1.000000000000000 -0.001159835879097 -0.002777642061595 -0.002838181406834 
485 0.000000000000000 0.000000000000000 -1.000000000000000 -0.001159835879097 -0.002777642061595 -0.002838181406834 
487 0.000000000000000 0.000000000000000 -1.000000000000000 -0.001159835879097 -0.002777642061595 -0.002838181406834 
489 0.000000000000000 0.000000000000000 -1.000000000000000 -0.001159835879097 -0.002777642061595 -0.002838181406834 
491 0.000000000000000 0.000000000000000 -1.000000000000000 -0.001159835879097 -0.002777642061595 -0.002838181406834 
497 0.000000000000000 0.000000000000000 -1.000000000000000 -0.001159835879097 -0.002777642061595 -0.002838181406834 
499 0.000000000000000 0.000000000000000 -1.000000000000000 -0.001159835879097 -0.002777642061595 -0.002838181406834 
501 0.000000000000000 0.000000000000000 -1.000000000000000 -0.001159835879097 -0.002777642061595 -0.002838181406834 
503 0.000000000000000 0.000000000000000 -1.000000000000000 -0.001159835879097 -0.002777642061595 -0.002838181406834 
505 0.000000000000000 0.000000000000000 -1.000000000000000 -0.001159835879097 -0.002777642061595 -0.002838181406834 
507 0.000000000000000 0.000000000000000 -1.000000000000000 -0.001159835879097 -0.002777642061595 -0.002838181406834 
513 0.000000000000000 0.000000000000000 -1.000000000000000 -0.001159835879097 -0.002777642061595 -0.002838181406834 
515 0.000000000000000 0.000000000000000 -1.000000000000000 -0.001159835879097 -0.002777642061595 -0.002838181406834 
517 0.000000000000000 0.000000000000000 -1.000000000000000 -0.001159835879097 -0.002777642061595 -0.002838181406834 
519 0.000000000000000 0.000000000000000 -1.000000000000000 -0.001159835879097 -0.002777642061595 -0.002838181406834 
521 0.000000000000000 0.000000000000000 -1.000000000000000 -0.001159835879097 -0.002777642061595 -0.002838181406834 
523 0.000000000000000 0.000000000000000 -1.000000000000000 -0.001159835879097 -0.002777642061595 -0.002838181406834 
529 0.000000000000000 0.000000000000000 -1.000000000000000 -0.001159835879097 -0.002777642061595 -0.002838181406834 
531 0.000000000000000 0.000000000000000 -1.000000000000000 -0.001159835879097 -0.002777642061595 -0.002838181406834 
533 0.000000000000000 0.000000000000000 -1.000000000000000 -0.001159835879097 -0.002777642061595 -0.002838181406834 
535 0.000000000000000 0.000000000000000 -1.000000000000000 -0.001159835879097 -0.002777642061595 -0.002838181406834 
537 0.000000000000000 0.000000000000000 -1.000000000000000 -0.001159835879097 -0.002777642061595 -0.002838181406834 
539 0.000000000000000 0.000000000000000 -1.000000000000000 -0.001159835879097 -0.002777642061595 -0.002838181406834 
545 0.000000000000000 0.000000000000000 -1.000000000000000 -0.001159835879097 -0.002777642061595 -0.002838181406834 
547 0.000000000000000 0.000000000000000 -1.000000000000000 -0.001159835879097 -0.002777642061595 -0.002838181406834 
549 0.000000000000000 0.000000000000000 -1.000000000000000 -0.001159835879097 -0.002777642061595 -0.002838181406834 
551 0.000000000000000 0.000000000000000 -1.000000000000000 -0.001159835879097 -0.002777642061595 -0.002838181406834 
553 0.000000000000000 0.000000000000000 -1.000000000000000 -0.001159835879097 -0.002777642061595 -0.002838181406834 
555 0.000000000000000 0.000000000000000 -1.000000000000000 -0.001159835879097 -0.002777642061595 -0.002838181406834 
561 0.000000000000000 0.000000000000000 -1.000000000000000 -0.001159835879097 -0.002777642061595 -0.002838181406834 
563 0.000000000000000 0.000000000000000 -1.000000000000000 -0.001159835879097 -0.002777642061595 -0.002838181406834 
565 0.000000000000000 0.000000000000000 -1.000000000000000 -0.001159835879097 -0.002777642061595 -0.002838181406834 
567 0.000000000000000 0.000000000000000 -1.000000000000000 -0.001159835879097 -0.002777642061595 -0.002838181406834 
577 0.000000000000000 0.000000000000000 -1.000000000000000 -0.001159835879097 -0.002777642061595 -0.002838181406834 
579 0.000000000000000 0.000000000000000 -1.000000000000000 -0.001159835879097 -0.002777642061595 -0.002838181406834 
585 0.000000000000000 0.000000000000000 -1.000000000000000 -0.001159835879097 -0.002777642061595 -0.002838181406834 
587 0.000000000000000 0.000000000000000 -1.000000000000000 -0.001159835879097 -0.002777642061595 -0.002838181406834 
